63.4348 274.64
69.4886 236.136
73.5026 261.555
77.6102 293.508
79.4333 245.9
81.9864 272.85
269 317
164 428
91.3125 310.659
144 446
98.3727 285.447
102 329.67
126 460
123.339 322.703
110.983 481.703
113.051 398.136
114.695 308.483
116.091 417.955
117.738 414.689
119 304.8
119.947 394.462
122.245 431.048
124.82 365.534
126 443.033
126.983 404.407
128.293 347.823
130.743 395.414
133.17 419.088
135.298 377.311
137.32 333.602
139.46 422.608
147.341 367.676
144.405 395.784
145.508 421.746
146.898 367.818
149.529 397.136
152 377.2
153.612 350.272
156.35 392.922
158.203 411.881
159.525 365.169
161.907 390.248
164.5 412.27
165.932 361.909
167.119 377.339
168.182 412.068
169.508 357.61
170.915 386.169
173.571 402.776
176.879 353.659
180.364 361.689
183.959 387.293
187.356 324.568
190.939 351.116
195.076 365.924
198.718 313.65
203.188 341.654
206.273 367.136
207.318 310.386
210.539 329.068
213.636 359.432
215.051 292.898
216 343.6
218.944 345.957
224.309 291.157
227.6 309.167
228.795 348.75
231.542 263.915
234.373 293.729
237.476 328.259
242.216 278.705
247.286 300.646
251.636 322.182
254.886 260.409
257.909 290.545
261.955 300
266.375 251.864
272.074 284.631
277.153 294.136
280.58 230.739
284.593 278.5
290.915 282.881
295.795 252.682
300.728 256.184
306.058 283.311
309.909 242.955
317.176 265.25
281 254
331.757 268.095
359 309
350.267 346.733
351.22 298.712
323 228
355.318 365.795
358.438 267.125
352.371 332.871
367.271 293
371.059 323.992
377.898 354.299
382.22 345.1
