63.4348 249.64
69.4886 261.136
73.5026 261.555
77.6102 268.508
79.4333 270.9
81.9864 272.85
85.2136 304.806
87.7282 302.214
91.3125 300.659
94.7386 321.432
98.3727 328.447
102 329.67
105.042 347.347
108.339 347.703
110.983 372.703
113.051 373.136
114.695 393.483
116.091 417.955
117.738 389.689
119 329.8
119.947 394.462
122.245 406.048
124.82 390.534
126 443.033
126.983 379.407
128.293 392.823
130.743 395.414
133.17 394.088
135.298 402.311
137.32 385.602
139.46 397.608
142.341 398.676
144.405 395.784
145.508 396.746
146.898 392.818
149.529 397.136
152 352.2
153.612 392.272
156.35 392.922
158.203 386.881
159.525 390.169
161.907 390.248
164.5 387.27
165.932 386.909
167.119 377.339
168.182 387.068
169.508 382.61
170.915 386.169
173.571 377.776
176.879 378.659
180.364 361.689
183.959 362.293
187.356 349.568
190.939 351.116
195.076 340.924
198.718 338.65
203.188 341.654
206.273 342.136
207.318 335.386
210.539 329.068
213.636 334.432
215.051 317.898
216 343.6
218.944 320.957
224.309 316.157
227.6 309.167
228.795 323.75
231.542 302.915
234.373 293.729
237.476 303.259
242.216 303.705
247.286 290.646
251.636 297.182
254.886 285.409
257.909 290.545
261.955 275
266.375 276.864
272.074 284.631
277.153 269.136
280.58 255.739
284.593 278.5
290.915 257.881
295.795 277.682
300.728 256.184
306.058 258.311
309.909 267.955
317.176 265.25
326 329.687
331.757 293.095
341.948 286.55
350.267 321.733
351.22 323.712
353.265 363.728
355.318 340.795
358.438 292.125
364.371 332.871
367.271 268
371.059 348.992
377.898 354.299
382.22 320.1
